%YAML:1.0
---
calibration_time: "Sat Apr 29 16:30:57 2017"
nr_of_frames: 30
image_width: 640
image_height: 424
board_width: 7
board_height: 7
square_size: 25.
fix_aspect_ratio: 1.
# flags: +fix_aspectRatio +fix_principal_point +zero_tangent_dist +fix_k4 +fix_k5
flags: 6158
fisheye_model: 0
camera_matrix: !!opencv-matrix
   rows: 3
   cols: 3
   dt: d
   data: [ 5.1700368817095330e+02, 0., 320., 0., 5.1700368817095330e+02,
       212., 0., 0., 1. ]
distortion_coefficients: !!opencv-matrix
   rows: 5
   cols: 1
   dt: d
   data: [ 1.1286636797980941e-01, -1.4877900799224317e+00, 0., 0.,
       2.3005718967610673e+00 ]
avg_reprojection_error: 1.5845227514101254e+00
per_view_reprojection_errors: !!opencv-matrix
   rows: 30
   cols: 1
   dt: f
   data: [ 9.84677255e-01, 2.10505056e+00, 4.21954823e+00,
       5.82813084e-01, 1.12462175e+00, 8.17614913e-01, 5.44533789e-01,
       5.51585853e-01, 5.17716289e-01, 2.74203181e+00, 2.81601763e+00,
       3.61473393e+00, 2.41076803e+00, 1.50089478e+00, 1.40662992e+00,
       1.54528642e+00, 1.48112118e+00, 6.38042450e-01, 6.50374055e-01,
       6.43637180e-01, 7.04598427e-01, 1.03113806e+00, 1.03120029e+00,
       4.16176528e-01, 4.79976237e-01, 4.14329022e-01, 4.51662838e-01,
       5.66814601e-01, 6.22034848e-01, 6.92542255e-01 ]
# a set of 6-tuples (rotation vector + translation vector) for each view
extrinsic_parameters: !!opencv-matrix
   rows: 30
   cols: 6
   dt: d
   data: [ 6.4241530460472859e-02, 9.0212636605284197e-02,
       6.3315059920513805e-01, -2.3897685522102719e+01,
       -7.9530947362521118e+01, 5.7355051932990477e+02,
       -7.1686255207330218e-01, 7.4832466743246159e-02,
       2.6729567161625478e-01, -7.8516470238272191e+01,
       -6.2745191237366711e+01, 7.1312292737059408e+02,
       -9.0697644403270272e-01, 1.4380824508796920e-02,
       -2.8491163981750282e-02, -9.6124723252784932e+01,
       -2.0182753261059613e+01, 6.9369206116217981e+02,
       -2.2821948314459978e-01, -2.8871145607186116e-01,
       -1.5411987472448070e+00, -8.7480368687650298e+01,
       9.2221805526015885e+01, 5.3831098789041846e+02,
       1.6180511509272613e-01, -2.9051938140379954e-02,
       1.9114832603187713e-02, -8.3705634736147772e+01,
       -7.0870020000277179e+01, 5.2577258876544545e+02,
       -1.2778583643305874e-01, -3.4164547627727998e-02,
       1.2255599588924918e-02, -1.0140646707655860e+02,
       -8.4613845533891705e+01, 6.5467328708732725e+02,
       -4.4146869756794577e-01, -4.8187489157357866e-01,
       1.3130275604239470e+00, -1.3198809992720066e+02,
       -7.3502093834047827e+01, 8.1508693448831718e+02,
       6.9092225307796684e-02, -2.6529906390079672e-01,
       1.5405578270443812e+00, -1.8924945623464076e+01,
       -7.3792051787618959e+01, 7.3739607132306628e+02,
       2.2021307260787873e-01, -1.2854307049956923e-01,
       -2.0079748269215571e-02, -1.6561800140129941e+02,
       -7.0893924133587674e+01, 7.2028863268655255e+02,
       -9.0921101361043311e-01, -9.7008811930091893e-02,
       -3.1060705645084088e-02, -8.6851408117447605e+01,
       -8.5060508768910275e+00, 5.9859539528376797e+02,
       -9.1906391455225733e-01, -1.0787067056990796e-01,
       -2.8907821883944099e-02, -8.5875639316109044e+01,
       -4.6386086576323686e+00, 5.8894100775253435e+02,
       -1.0378068461469732e+00, -4.4519209089786344e-03,
       -7.4742079707612638e-02, -6.7267671611763888e+01,
       -1.9888501252775372e+00, 5.3874646398380503e+02,
       -1.0384202621139322e+00, -5.7700079453765901e-02,
       -2.2435189297882138e-03, -7.2693644039510858e+01,
       -2.3067248730155306e+01, 4.7916367778034237e+02,
       -1.0301830887952490e+00, -2.0427605255211454e-02,
       -8.2824895293360498e-02, -7.4236588036153137e+01,
       -3.4998454747497711e+01, 3.7018603915081161e+02,
       -7.9440726789190530e-01, 7.8965816601439820e-01,
       1.3492775128646284e+00, 5.4455736617383728e+01,
       -4.5480990961963997e+01, 3.7201977253360764e+02,
       -7.9438750513633538e-01, 7.9049236694144787e-01,
       1.3483143593557578e+00, 5.3645235389476888e+01,
       -4.8297518326787340e+01, 3.7350055404402082e+02,
       -7.9514589619612053e-01, 7.9080618115946022e-01,
       1.3485562414235088e+00, 5.3350362491387102e+01,
       -4.9065621846803090e+01, 3.7402187244599708e+02,
       3.2313199877085452e-01, -4.4390712863840009e-03,
       1.0668664538125280e-02, -7.6610662276163879e+01,
       -2.0412312989654204e+01, 3.4123349487577724e+02,
       3.8504344843139338e-01, -9.7959333313433639e-03,
       1.7201907049581674e-02, -7.4627739682243416e+01,
       -1.5919680145809778e+01, 3.3839067439846031e+02,
       4.2784565401144092e-01, -1.2585160362436974e-02,
       1.9179180118893004e-02, -7.3034150410167001e+01,
       -1.4419209652484364e+01, 3.3468743915909869e+02,
       5.4318820325070549e-01, -6.4778013467580042e-01,
       1.4762193185743493e+00, 8.8799456655957854e+01,
       -2.8761569706051024e+01, 3.0911629211686807e+02,
       8.1425560941555275e-01, -4.1827457723001317e-02,
       -4.7087529475413952e-03, -8.6590551768276441e+01,
       -4.0851195829588534e+00, 1.8606902706360708e+02,
       8.1256135474772739e-01, -4.1416509865157727e-02,
       -8.2058263914016397e-03, -8.7432802021882566e+01,
       -5.3336053619771304e+00, 1.8568293987342403e+02,
       4.8308483070953856e-01, 5.6360885593415497e-03,
       4.9446920385031623e-02, -1.1560434359921801e+02,
       -1.7149977527402573e+01, 6.8076230336983781e+02,
       -7.3117048438489218e-01, -5.5574274893622516e-02,
       2.8161480231033275e-02, -8.7846839003867117e+01,
       -3.8436221888251467e+01, 5.4581791296458584e+02,
       -6.3109399716454295e-01, -4.0754506645826777e-02,
       -4.9101313829983837e-03, -9.3339131423803778e+01,
       -5.3867207231814461e+01, 5.5806761303733822e+02,
       -6.8863962336347440e-01, -4.6651574847270651e-02,
       -7.2186097766018817e-03, -9.7489382533969689e+01,
       -4.0269154582965832e+01, 5.5271780133439108e+02,
       -4.7920674407971714e-01, -1.2307310576532091e-01,
       9.0711866015443809e-01, 6.7132848603286215e+00,
       -1.2663955927672247e+02, 5.8608896091807333e+02,
       -3.3857635900124128e-01, -3.1843323093421494e-01,
       9.6111812635359561e-01, 4.2825169810396533e+00,
       -1.2322091586557534e+02, 5.4760734585185833e+02,
       -3.4872956106072223e-01, 3.2674453655490066e-01,
       4.5788346472400859e-01, -1.2872960263059568e+02,
       -9.9424119146419955e+01, 5.9883953190676709e+02 ]
